min
temps=5600:3500
latlon=51.450001:5.466667
speed=1000
method=Auto
map=177.00|100.00;3.00|100.00;-6.00|0.00;-174.00|0.00;
